image: a4_gnav.pgm
resolution: 0.02000
origin: [-9.000000, -9.1000000, 0.000000]
negate: 0
occupied_thresh: 0.65
free_thresh: 0.196

