image: delivery.png
resolution: 0.030000
origin: [-28.200000, -33.000000, 0.000000]
negate: 0
occupied_thresh: 0.65
free_thresh: 0.196

