image: hz_airport.pgm
resolution: 0.100000
origin: [-531.234027, -252.001973, 0.000000]
negate: 0
occupied_thresh: 0.65
free_thresh: 0.196



